-0.4500000	  0.000000E+00
-0.4466540	  4.638064E-04
-0.4433080	  9.276398E-04
-0.4399620	  1.391460E-03
-0.4366150	  1.855278E-03
-0.4332690	  2.319093E-03
-0.4299230	  2.782904E-03
-0.4265770	  3.246711E-03
-0.4232310	  3.710514E-03
-0.4198850	  4.174312E-03
-0.4165380	  4.638105E-03
-0.4131920	  5.101893E-03
-0.4098460	  5.565675E-03
-0.4065000	  6.029450E-03
-0.4031540	  6.493215E-03
-0.3998080	  6.956972E-03
-0.3964620	  7.420717E-03
-0.3931150	  7.884455E-03
-0.3897690	  8.348183E-03
-0.3864230	  8.811898E-03
-0.3830770	  9.275601E-03
-0.3797310	  9.739288E-03
-0.3763850	  1.020296E-02
-0.3730380	  1.066662E-02
-0.3696920	  1.113027E-02
-0.3663460	  1.159390E-02
-0.3630000	  1.205751E-02
-0.3596540	  1.252111E-02
-0.3563080	  1.298469E-02
-0.3529620	  1.344825E-02
-0.3496150	  1.391180E-02
-0.3462690	  1.437535E-02
-0.3429230	  1.483889E-02
-0.3395770	  1.530244E-02
-0.3362310	  1.576600E-02
-0.3328850	  1.622959E-02
-0.3295380	  1.669323E-02
-0.3261920	  1.715696E-02
-0.3228460	  1.762082E-02
-0.3195000	  1.808488E-02
-0.3161540	  1.854922E-02
-0.3128080	  1.901396E-02
-0.3094620	  1.947929E-02
-0.3061150	  1.994544E-02
-0.3027690	  2.041277E-02
-0.2994230	  2.088172E-02
-0.2960770	  2.135297E-02
-0.2927310	  2.182740E-02
-0.2893850	  2.230629E-02
-0.2860380	  2.279138E-02
-0.2826920	  2.328514E-02
-0.2793460	  2.379094E-02
-0.2760000	  2.431348E-02
-0.2726540	  2.485930E-02
-0.2693080	  2.543747E-02
-0.2659620	  2.606060E-02
-0.2626150	  2.674622E-02
-0.2592690	  2.751866E-02
-0.2559230	  2.841169E-02
-0.2525770	  2.947224E-02
-0.2492310	  3.076534E-02
-0.2458850	  3.238154E-02
-0.2425380	  3.444623E-02
-0.2391920	  3.713398E-02
-0.2358460	  4.068681E-02
-0.2325000	  4.544018E-02
-0.2291540	  5.186020E-02
-0.2258080	  6.059198E-02
-0.2224620	  7.253130E-02
-0.2191150	  8.891911E-02
-0.2157690	  1.114736E-01
-0.2124230	  1.425697E-01
-0.2090770	  1.854876E-01
-0.2057310	  2.447447E-01
-0.2023850	  3.265629E-01
-0.1990380	  4.394629E-01
-0.1956920	  5.951083E-01
-0.1923460	  8.093436E-01
-0.1890000	  1.103515E+00
-0.1856540	  1.506276E+00
-0.1823080	  2.055436E+00
-0.1789620	  2.800498E+00
-0.1756150	  3.804897E+00
-0.1722690	  5.148202E+00
-0.1689230	  6.927340E+00
-0.1655770	  9.256286E+00
-0.1622310	  1.226361E+01
-0.1588850	  1.608725E+01
-0.1555380	  2.086691E+01
-0.1521920	  2.673582E+01
-0.1488460	  3.381334E+01
-0.1455000	  4.220213E+01
-0.1421540	  5.199134E+01
-0.1388080	  6.326390E+01
-0.1354620	  7.610967E+01
-0.1321150	  9.063462E+01
-0.1287690	  1.069730E+02
-0.1254230	  1.252916E+02
-0.1220770	  1.457932E+02
-0.1187310	  1.687181E+02
-0.1153850	  1.943398E+02
-0.1120380	  2.229630E+02
-0.1086920	  2.549164E+02
-0.1053460	  2.905458E+02
-0.1020000	  3.302042E+02
-0.0986539	  3.742408E+02
-0.0953077	  4.229878E+02
-0.0919615	  4.767467E+02
-0.0886154	  5.357685E+02
-0.0852692	  6.002385E+02
-0.0819231	  6.702534E+02
-0.0785769	  7.458009E+02
-0.0752308	  8.267449E+02
-0.0718846	  9.128054E+02
-0.0685385	  1.003550E+03
-0.0651923	  1.098384E+03
-0.0618461	  1.196561E+03
-0.0585000	  1.297188E+03
-0.0551539	  1.399252E+03
-0.0518077	  1.501656E+03
-0.0484615	  1.603251E+03
-0.0451154	  1.702880E+03
-0.0417692	  1.799420E+03
-0.0384231	  1.891818E+03
-0.0350769	  1.979122E+03
-0.0317308	  2.060497E+03
-0.0283846	  2.135234E+03
-0.0250385	  2.202747E+03
-0.0216923	  2.262573E+03
-0.0183461	  2.314349E+03
-0.0150000	  2.357804E+03
-0.0116538	  2.392745E+03
-0.0083077	  2.419033E+03
-0.0049615	  2.436581E+03
-0.0016154	  2.445332E+03
 0.0017308	  2.445261E+03
 0.0050769	  2.436370E+03
 0.0084231	  2.418687E+03
 0.0117692	  2.392271E+03
 0.0151154	  2.357217E+03
 0.0184615	  2.313666E+03
 0.0218077	  2.261819E+03
 0.0251538	  2.201951E+03
 0.0285000	  2.134429E+03
 0.0318462	  2.059728E+03
 0.0351923	  1.978437E+03
 0.0385385	  1.891276E+03
 0.0418846	  1.799087E+03
 0.0452308	  1.702831E+03
 0.0485769	  1.603567E+03
 0.0519231	  1.502422E+03
 0.0552692	  1.400556E+03
 0.0586154	  1.299119E+03
 0.0619615	  1.199211E+03
 0.0653077	  1.101842E+03
 0.0686539	  1.007901E+03
 0.0720000	  9.181344E+02
 0.0753461	  8.331282E+02
 0.0786923	  7.533133E+02
 0.0820385	  6.789635E+02
 0.0853846	  6.102141E+02
 0.0887308	  5.470716E+02
 0.0920769	  4.894398E+02
 0.0954231	  4.371338E+02
 0.0987692	  3.899014E+02
 0.1021150	  3.474430E+02
 0.1054620	  3.094271E+02
 0.1088080	  2.755048E+02
 0.1121540	  2.453225E+02
 0.1155000	  2.185309E+02
 0.1188460	  1.947925E+02
 0.1221920	  1.737879E+02
 0.1255380	  1.552185E+02
 0.1288850	  1.388108E+02
 0.1322310	  1.243142E+02
 0.1355770	  1.115039E+02
 0.1389230	  1.001776E+02
 0.1422690	  9.015521E+01
 0.1456150	  8.127785E+01
 0.1489620	  7.340505E+01
 0.1523080	  6.641377E+01
 0.1556540	  6.019606E+01
 0.1590000	  5.465756E+01
 0.1623460	  4.971577E+01
 0.1656920	  4.529873E+01
 0.1690380	  4.134364E+01
 0.1723850	  3.779590E+01
 0.1757310	  3.460774E+01
 0.1790770	  3.173758E+01
 0.1824230	  2.914904E+01
 0.1857690	  2.681024E+01
 0.1891150	  2.469341E+01
 0.1924620	  2.277410E+01
 0.1958080	  2.103095E+01
 0.1991540	  1.944515E+01
 0.2025000	  1.800017E+01
 0.2058460	  1.668140E+01
 0.2091920	  1.547595E+01
 0.2125380	  1.437243E+01
 0.2158850	  1.336074E+01
 0.2192310	  1.243194E+01
 0.2225770	  1.157808E+01
 0.2259230	  1.079208E+01
 0.2292690	  1.006759E+01
 0.2326150	  9.398998E+00
 0.2359620	  8.781223E+00
 0.2393080	  8.209759E+00
 0.2426540	  7.680532E+00
 0.2460000	  7.189900E+00
 0.2493460	  6.734570E+00
 0.2526920	  6.311566E+00
 0.2560380	  5.918210E+00
 0.2593850	  5.552074E+00
 0.2627310	  5.210960E+00
 0.2660770	  4.892877E+00
 0.2694230	  4.596011E+00
 0.2727690	  4.318711E+00
 0.2761150	  4.059472E+00
 0.2794620	  3.816919E+00
 0.2828080	  3.589803E+00
 0.2861540	  3.376971E+00
 0.2895000	  3.177377E+00
 0.2928460	  2.990056E+00
 0.2961920	  2.814116E+00
 0.2995380	  2.648746E+00
 0.3028850	  2.493191E+00
 0.3062310	  2.346762E+00
 0.3095770	  2.208819E+00
 0.3129230	  2.078770E+00
 0.3162690	  1.956069E+00
 0.3196150	  1.840207E+00
 0.3229620	  1.730713E+00
 0.3263080	  1.627151E+00
 0.3296540	  1.529114E+00
 0.3330000	  1.436222E+00
 0.3363460	  1.348123E+00
 0.3396920	  1.264485E+00
 0.3430380	  1.185000E+00
 0.3463850	  1.109377E+00
 0.3497310	  1.037346E+00
 0.3530770	  9.686500E-01
 0.3564230	  9.030504E-01
 0.3597690	  8.403202E-01
 0.3631150	  7.802446E-01
 0.3664620	  7.226212E-01
 0.3698080	  6.672578E-01
 0.3731540	  6.139718E-01
 0.3765000	  5.625894E-01
 0.3798460	  5.129445E-01
 0.3831920	  4.648778E-01
 0.3865380	  4.182369E-01
 0.3898850	  3.728744E-01
 0.3932310	  3.286490E-01
 0.3965770	  2.854233E-01
 0.3999230	  2.430640E-01
 0.4032690	  2.014413E-01
 0.4066150	  1.604279E-01
 0.4099620	  1.198992E-01
 0.4133080	  7.973245E-02
 0.4166540	  3.980494E-02
 0.4200000	  2.534144E-15
